misc/fireball_networks/data/36_2014-11-25_152058_DSC_0594-G_DN141125_01_2018-04-26_163106_martin_nocomment.ecsv
# %ECSV 0.9
# ---
# datatype:
# - {name: x_image, unit: pix, datatype: float64}
# - {name: y_image, unit: pix, datatype: float64}
# - {name: time_err_minus, unit: s, datatype: float64}
# - {name: time_err_plus, unit: s, datatype: float64}
# - {name: de_bruijn_sequence_element_index, datatype: object}
# - {name: dash_start_end, datatype: object}
# - {name: zero_or_one, datatype: int64}
# - {name: err_minus_x_image, unit: pix, datatype: float64}
# - {name: err_plus_x_image, unit: pix, datatype: float64}
# - {name: err_minus_y_image, unit: pix, datatype: float64}
# - {name: err_plus_y_image, unit: pix, datatype: float64}
# - {name: periodic_pulse, datatype: object}
# - {name: pick_flag, datatype: object}
# - {name: encoding_type, datatype: object}
# - {name: brightness_dash_V, unit: adu, datatype: float64}
# - {name: flux_dash_V, unit: adu / s, datatype: float64}
# - {name: aperture_exptime, unit: s, datatype: float64}
# - {name: datetime, datatype: string}
# - {name: altitude, datatype: float64}
# - {name: azimuth, datatype: float64}
# - {name: err_minus_altitude, datatype: float64}
# - {name: err_plus_altitude, datatype: float64}
# - {name: err_minus_azimuth, datatype: float64}
# - {name: err_plus_azimuth, datatype: float64}
# - {name: JD, datatype: float64, description: Julian Date}
# - {name: m_V, unit: adu / s, datatype: float64}
# - {name: longitude, unit: deg, datatype: float64}
# - {name: latitude, unit: deg, datatype: float64}
# - {name: height, unit: m, datatype: float64}
# - {name: X_geo, unit: m, datatype: float64}
# - {name: Y_geo, unit: m, datatype: float64}
# - {name: Z_geo, unit: m, datatype: float64}
# - {name: cross_track_error, unit: m, datatype: float64}
# - {name: timing, datatype: bool}
# - {name: t_rel, unit: s, datatype: float64}
# - {name: X_eci, unit: m, datatype: float64}
# - {name: Y_eci, unit: m, datatype: float64}
# - {name: Z_eci, unit: m, datatype: float64}
# - {name: pos_err, unit: m, datatype: float64}
# - {name: D_DT_geo, unit: m / s, datatype: float64}
# - {name: D_DT_eci, unit: m / s, datatype: float64}
# - {name: D_DT_err, unit: m / s, datatype: float64}
# - {name: along_track_error, unit: m, datatype: float64}
# - {name: range, unit: m, datatype: float64}
# delimiter: ','
# meta: !!omap
# - {origin: Desert Fireball Network}
# - {exposure_time: 25.0}
# - {lens_type: Fisheye}
# - {telescope: DFNSMALL36}
# - {observer: 'DFN automated software http://adsabs.harvard.edu/abs/2012M%26PSA..75.5123T'}
# - {creator: raw_to_fits 6.0}
# - {timing_correction_dictionary_version: DEBUG}
# - {isodate_mid_obs: '2014-11-25T15:21:10.500'}
# - {sidereal_time_hour: 4.598023724157567}
# - {point_picking_user_comment: nocomment}
# - {point_picking_hostname: work-desktop-debian}
# - {obs_latitude: -30.6607733333}
# - {original_raw_filename: 36_2014-11-25_152058_DSC_0594.NEF}
# - {cropped: false}
# - {obs_elevation: 149.1}
# - {instrument: Nikon D800E}
# - {gps_lock: Y}
# - {filter_pattern: RG/GB}
# - {location: Mulgathing}
# - {aperture: 4.0}
# - {isodate_start_obs: '2014-11-25T15:20:58'}
# - {image_file: 36_2014-11-25_152058_DSC_0594-G.tiff}
# - {timing_corrected: true}
# - {NAXIS2: 4924}
# - {NAXIS1: 7378}
# - {event_codename: DN141125_01}
# - {jd_mid_obs: 2456987.139704861}
# - {lens: Samyang_8mm_F3.5}
# - {timing_de_bruijn_encoding_type: pulse_width}
[...]
# - {triangulation_dec_ecef_end_err: 0.021702776846172465}
# - {triangulation_slope_end: 25.82176479329127}
# - {triangulation_slope_end_err: 0.013598972266422711}
# - {triangulation_azimuth_end: -128.11087657858496}
# - {triangulation_azimuth_end_err: 0.02177322643764161}
# - {triangulation_file_1: 38_2014-11-25_152058_DSC_0559-G_DN141125_01_2018-04-26_163331_martin_nocomment.ecsv}
# - {triangulation_file_2: 40_2014-11-25_152058_DSC_0617-G_DN141125_01_2018-04-26_163631_martin_nocomment.ecsv}
# - {triangulation_file_3: 41_2014-11-25_152059_DSC_0674-G_DN141125_01_2018-01-01_212656_ellie_nocomment.ecsv}
# - {triangulation_file_4: 40_2014-11-25_152058_DSC_0617-G_DN141125_01_2018-04-26_163631_martin_nocomment.ecsv}
# - {triangulation_file_5: 38_2014-11-25_152058_DSC_0559-G_DN141125_01_2018-04-26_163331_martin_nocomment.ecsv}
# - {triangulation_t0: '2014-11-25T15:21:15.386'}
# - {triangulation_file_0: 36_2014-11-25_152058_DSC_0594-G_DN141125_01_2018-04-26_163106_martin_nocomment.ecsv}
# - {astropy_version: 3.0.1}
# - {numpy_version: 1.14.2}
# - {scipy_version: 1.0.1}
# schema: astropy-2.0
x_image,y_image,time_err_minus,time_err_plus,de_bruijn_sequence_element_index,dash_start_end,zero_or_one,err_minus_x_image,err_plus_x_image,err_minus_y_image,err_plus_y_image,periodic_pulse,pick_flag,encoding_type,brightness_dash_V,flux_dash_V,aperture_exptime,datetime,altitude,azimuth,err_minus_altitude,err_plus_altitude,err_minus_azimuth,err_plus_azimuth,JD,m_V,longitude,latitude,height,X_geo,Y_geo,Z_geo,cross_track_error,timing,t_rel,X_eci,Y_eci,Z_eci,pos_err,D_DT_geo,D_DT_eci,D_DT_err,along_track_error,range
[from data line 30]
3319.60724723,803.941355845,0.00065,5e-05,158,E,1,0.5,0.5,0.5,0.5,-,M,PW,nan,nan,nan,2014-11-25T15:21:16.886,36.0594028636,195.689549018,0.0311737559647,0.0311737559647,0.0299969964941,0.0299969964941,2456987.13978,nan,133.9144929417236,-31.483752695433633,70760.22075524653,-3817845.027804181,3965319.965845467,-3348705.883938751,-51.98936543513018,True,1.5,2009533.0427361215,5122836.418187632,-3351396.4503605296,31.823015596521923,13955.78134791274,14228.240387023878,10.296589173837157,-3.9510193680523784,118672.61845945304
3324.36103188,803.394843279,0.00065,5e-05,159,S,1,0.5,0.5,0.5,0.5,-,M,PW,108777.112769,1765862.22028,0.0616,2014-11-25T15:21:16.926,36.0823972613,195.530836214,0.0312143079057,0.0312143079057,0.0300647765625,0.0300647765625,2456987.13978,-3.07320099138,133.91839174954535,-31.480831371958203,70507.18654472541,-3818083.8070575614,3965027.928846756,-3348294.4384723334,-51.81981021421913,True,1.54,2009153.741437905,5122937.6882392345,-3350984.447419524,31.475808253910685,13954.1537392685,14226.605628978783,10.285669752902093,-9.79706111851524,118187.00287311523
3331.86246402,802.549548563,0.00065,5e-05,159,E,1,0.5,0.5,0.5,0.5,-,M,PW,nan,nan,nan,2014-11-25T15:21:16.986,36.118375115,195.280252286,0.0311215167383,0.0311215167383,0.0301203452014,0.0301203452014,2456987.13978,nan,133.92423900122944,-31.47644928176429,70127.74960624611,-3818441.9039150686,3964589.947979498,-3347677.345104046,-51.36063687080143,True,1.6,2008584.8860922817,5123089.554819498,-3350366.5180069176,30.958326869221597,13951.603749005018,14224.044923718937,10.26846674719253,-1.8069457428666318,117459.88415520827
3336.7695693,802.040763195,0.00065,5e-05,160,S,1,0.5,0.5,0.5,0.5,-,M,PW,209204.272197,3396173.24995,0.0616,2014-11-25T15:21:17.026,36.1426483892,195.116536478,0.0311215167383,0.0311215167383,0.0301203452014,0.0301203452014,2456987.13978,-3.78328354581,133.92813650560444,-31.47352783705208,69874.86945190067,-3818680.585699817,3964298.0122223217,-3347266.0020062113,-48.91097117384018,True,1.64,2008205.7158593303,5123190.7729501035,-3349954.6176241976,30.615633329561845,13949.828547207764,14222.262627886463,10.25642923538853,-4.736577738759793,116976.02233878995
3344.17339132,801.285065204,0.00065,5e-05,160,E,1,0.5,0.5,0.5,0.5,-,M,PW,nan,nan,nan,2014-11-25T15:21:17.086,36.1788268978,194.86933246,0.0311253001294,0.0311253001294,0.0301095991875,0.0301095991875,2456987.13978,nan,133.9339815549441,-31.46914562514262,69495.66855630885,-3819038.5198157756,3963860.200241039,-3346649.070500279,-45.26182852140803,True,1.7,2007637.064455885,5123342.559729278,-3349336.850356351,30.105159015537705,13947.04825746975,14219.471636959794,10.237474026667865,-10.894777280401215,116251.58374894415
3349.19378726,800.787106414,0.00065,5e-05,161,S,0,0.5,0.5,0.5,0.5,-,M,PW,61572.5495195,2653989.20343,0.0232,2014-11-25T15:21:17.126,36.2032346649,194.701634085,0.0311253001294,0.0311253001294,0.0301095991875,0.0301095991875,2456987.13978,-3.515556833,133.93787764849301,-31.466224140143726,69242.94922308758,-3819277.0975150513,3963568.3736787736,-3346237.84100264,-42.45980917336018,True,1.74,2007258.0352294445,5123443.723340573,-3348925.0637771003,29.767295328006565,13945.113391705598,14217.529691509431,10.224239930777895,-13.163257102497516,115769.53776966146
3351.75173062,800.565372431,0.00065,5e-05,161,E,0,0.5,0.5,0.5,0.5,-,M,PW,nan,nan,nan,2014-11-25T15:21:17.146,36.2164222143,194.616406406,0.0311253001294,0.0311253001294,0.0301095991875,0.0301095991875,2456987.13978,nan,133.93982547289232,-31.464763399546108,69116.61436694328,-3819396.3701018817,3963422.4775863145,-3346032.244408225,-39.32656119304031,True,1.76,2007068.542772119,5123494.296705708,-3348719.18869491,29.59912321780778,13944.12079100029,14216.533557784784,10.217439022876976,-12.628820197783154,115528.7932556514
3361.75549389,799.561707038,0.00065,5e-05,162,S,0,0.5,0.5,0.5,0.5,-,M,PW,47314.3782906,2039412.85735,0.0232,2014-11-25T15:21:17.226,36.2629842015,194.281503278,0.0310530014436,0.0310530014436,0.0301065956906,0.0301065956906,2456987.13978,-3.2295718359,133.94761523161498,-31.458920494290748,68611.44403812462,-3819873.3485625475,3962839.011990375,-3345209.985217072,-36.19252410426962,True,1.84,2006310.7259202937,5123696.532518825,-3347895.8157141637,28.931675221559676,13939.976338276125,14212.374955841957,10.188865710856426,-28.06345516266512,114567.70268626991
3364.42281822,799.306348321,0.00065,5e-05,162,E,0,0.5,0.5,0.5,0.5,-,M,PW,nan,nan,nan,2014-11-25T15:21:17.246,36.2754581827,194.192207272,0.030963344338,0.030963344338,0.0301177272989,0.0301177272989,2456987.13978,nan,133.94956210577806,-31.45745979155355,68485.19451812039,-3819992.5528021734,3962693.1874383087,-3345004.4535112293,-34.91818174784335,True,1.86,2006121.3111087903,5123747.076757932,-3347690.0056153648,28.766148548689202,13938.895339884913,14211.290404470448,10.181383046139201,-24.25835837915548,114327.91184115449
3374.84467653,798.275466962,0.00065,5e-05,163,S,1,0.5,0.5,0.5,0.5,-,M,PW,380975.963776,6184674.73663,0.0616,2014-11-25T15:21:17.326,36.3220546918,193.842612706,0.030963344338,0.030963344338,0.0301177272989,0.0301177272989,2456987.13978,-4.43410111406,133.957348610514,-31.45161713285066,67980.37360438822,-3820469.296736594,3962109.972558872,-3344182.4671329707,-33.069135580069926,True,1.94,2005363.8166510712,5123949.192981203,-3346866.905934198,28.109640200088766,13934.383039338814,14206.76404173825,10.150079837882462,-28.265971574318478,113370.69116116814
3382.80652896,797.448429737,0.00065,5e-05,163,E,1,0.5,0.5,0.5,0.5,-,M,PW,nan,nan,nan,2014-11-25T15:21:17.386,36.3552334964,193.574786088,0.030935697514,0.030935697514,0.0300701636643,0.0300701636643,2456987.13978,nan,133.9631866641411,-31.44723535626036,67601.948832256,-3820826.7244553627,3961672.7017455758,-3343566.1328447456,-35.160443990064,True,2.0,2004795.8758982776,5124100.714533883,-3346249.736917183,27.62333938355755,13930.792852815255,14203.163342801441,10.125051993850628,-29.323319533513,112654.86855494427
3388.0505325,796.934041129,0.00065,5e-05,164,S,1,0.5,0.5,0.5,0.5,-,M,PW,356920.647074,5794166.3486,0.0616,2014-11-25T15:21:17.426,36.3773560607,193.398437083,0.031005179029,0.031005179029,0.0301051333005,0.0301051333005,2456987.13979,-4.36328635225,133.9670777888228,-31.4443143071393,67349.75920776615,-3821064.9449955397,3961381.257819621,-3343155.321763533,-35.25548340771332,True,2.04,2004417.3383969248,5124201.696635934,-3345838.369495238,27.3021666752213,13928.296676522823,14200.660180424318,10.1076235061799,-36.52833925582629,112178.67172420456
3396.11354187,796.178664632,0.00065,5e-05,164,E,1,0.5,0.5,0.5,0.5,-,M,PW,nan,nan,nan,2014-11-25T15:21:17.486,36.4114594796,193.127269326,0.031005179029,0.031005179029,0.0301051333005,0.0301051333005,2456987.13979,nan,133.97291288310817,-31.43993298082395,66971.61890431786,-3821422.1637634714,3960944.2124328404,-3342539.2290183897,-34.35449966667902,True,2.1,2003849.6721239397,5124353.119958607,-3345221.442448287,26.8251015470614,13924.391840202627,14196.74492955302,10.080272778414146,-41.195542976309255,111465.93637361319
3401.61210071,795.646983724,0.00065,5e-05,165,S,1,0.5,0.5,0.5,0.5,-,M,PW,594717.317386,9654501.90561,0.0616,2014-11-25T15:21:17.526,36.4335830389,192.942009279,0.0306278803065,0.0306278803065,0.0301533299945,0.0301533299945,2456987.13979,-4.91763363501,133.9768020721498,-31.43701228870993,66719.62375011077,-3821660.2481999523,3960652.916922849,-3342128.586888044,-35.23153388883314,True,2.14,2003471.3245875377,5124454.03475147,-3344810.2442402286,26.510263817963565,13921.67771977666,14194.023854556177,10.061202258089649,-40.68421520829684,110991.8330696288
3409.80282154,794.923592395,0.00065,5e-05,165,E,1,0.5,0.5,0.5,0.5,-,M,PW,nan,nan,nan,2014-11-25T15:21:17.586,36.4675436072,192.666267646,0.0310789877666,0.0310789877666,0.0301533512214,0.0301533512214,2456987.13979,nan,133.98263431383836,-31.432631585732675,66341.78266245486,-3822017.2673227508,3960216.091755393,-3341512.7598408456,-33.50969941737685,True,2.2,2002903.9541385167,5124605.354270011,-3344193.5833288557,26.04305084103765,13917.433254640848,14189.768999170206,10.031296499846654,-47.65479738125243,110282.29240205082
3415.38266462,794.445464532,0.00065,5e-05,166,S,0,0.5,0.5,0.5,0.5,-,M,PW,212830.007787,9173707.23221,0.0232,2014-11-25T15:21:17.626,36.4904309818,192.478320439,0.0310104301511,0.0310104301511,0.0301076313439,0.0301076313439,2456987.13979,-4.86217114359,133.9865212408629,-31.42971137031318,66089.99211553353,-3822255.1943922793,3959924.967718511,-3341102.30333358,-32.11023717215385,True,2.24,2002525.8113421982,5124706.197895405,-3343782.5710642836,25.73503398579806,13914.483882191347,14186.812752271848,10.010496720875262,-49.04349665069393,109810.35991564521
3418.16981775,794.211791287,0.00065,5e-05,166,E,0,0.5,0.5,0.5,0.5,-,M,PW,nan,nan,nan,2014-11-25T15:21:17.646,36.5018083916,192.384414671,0.0310104301511,0.0310104301511,0.0301076313439,0.0301076313439,2456987.13979,nan,133.98846445781587,-31.42825134631073,65964.12856467416,-3822374.140863257,3959779.425364512,-3340897.104622209,-31.3575569821613,True,2.26,2002336.7721498194,5124756.608642708,-3343577.0945162806,25.58208857304167,13912.972207550807,14185.29762089648,9.999834019200376,-50.823839586681956,109574.72967793794
3429.61382572,793.229990357,0.00065,5e-05,167,S,1,0.5,0.5,0.5,0.5,-,M,PW,628233.454987,10198595.0485,0.0616,2014-11-25T15:21:17.726,36.5464426767,191.998237955,0.0309677929845,0.0309677929845,0.0300628877281,0.0300628877281,2456987.13979,-4.97715982293,133.9962350440894,-31.422411869917923,65460.89097701283,-3822849.7695258353,3959197.4302064804,-3340076.5152572608,-30.648031748427584,True,2.34,2001580.8376610253,5124958.175884788,-3342755.394132186,24.977593026289924,13906.669930279922,14178.981630787943,9.955225846148604,-48.51583927537358,108634.45705648376
3438.29039759,792.527531299,0.00065,5e-05,167,E,1,0.5,0.5,0.5,0.5,-,M,PW,nan,nan,nan,2014-11-25T15:21:17.786,36.5799664742,191.705295029,0.0317739190156,0.0317739190156,0.0299399067559,0.0299399067559,2456987.13979,nan,134.00206048517583,-31.41803299082836,65083.69673305209,-3823206.3196240277,3958761.1244763704,-3339461.2997594564,-29.14301775597454,True,2.4,2001014.1297185766,5125109.269294219,-3342139.3457358857,24.532183761759985,13901.663968512612,14173.965459593928,9.919770458964495,-48.536925157221866,107931.67205924053
3444.34169777,792.033560752,0.00065,5e-05,168,S,1,0.5,0.5,0.5,0.5,-,M,PW,777901.951214,12628278.4288,0.0616,2014-11-25T15:21:17.826,36.6024431541,191.500731003,0.0317660022419,0.0317660022419,0.0298772123002,0.0298772123002,2456987.13979,-5.20916932517,134.00594269736177,-31.415114127747238,64832.349020360496,-3823443.9230149924,3958470.3603250287,-3339051.269978443,-28.960267794843155,True,2.44,2000636.4454205427,5125209.957787357,-3341728.760873593,24.239140620539526,13898.187623209715,14170.482326986401,9.895111471906276,-37.95449774370867,107464.3265410435
3453.24108821,791.260841353,0.00065,5e-05,168,E,1,0.5,0.5,0.5,0.5,-,M,PW,nan,nan,nan,2014-11-25T15:21:17.886,36.6329721894,191.199246455,0.0316815090438,0.0316815090438,0.0298431855886,0.0298431855886,2456987.13979,nan,134.01176431773186,-31.41073647898107,64455.50507615309,-3823800.2129671318,3958034.3457606467,-3338436.404553311,-32.36025841304174,True,2.5,2000070.1078822936,5125360.927922448,-3341113.0630813977,23.805639267181032,13892.756124888698,14165.040677262754,9.856552536901912,-35.86636656075821,106765.11269479035
3459.17460284,790.744876301,0.00065,5e-05,169,S,0,0.5,0.5,0.5,0.5,-,M,PW,355257.341637,15312816.4499,0.0232,2014-11-25T15:21:17.926,36.6525236456,190.998031179,0.0316728940183,0.0316728940183,0.029898018118,0.029898018118,2456987.13979,-5.41844664549,134.01564405006118,-31.407818512933947,64204.39731962238,-3824037.6483657104,3957743.772013601,-3338026.618809231,-35.293720083255835,True,2.54,1999692.679948537,5125461.531772062,-3340702.722636426,23.520818713674835,13888.985364220101,14161.263200131047,9.829797782711589,-37.58632198027841,106300.19057781104
3462.18949454,790.457892795,0.00065,5e-05,169,E,0,0.5,0.5,0.5,0.5,-,M,PW,nan,nan,nan,2014-11-25T15:21:17.946,36.6614927289,190.895568031,0.0316728940183,0.0316728940183,0.029898018118,0.029898018118,2456987.13979,nan,134.01758349871955,-31.40635967970688,64078.880718074746,-3824156.3378827698,3957598.5169001296,-3337821.7646614034,-38.34162724000369,True,2.56,1999504.0062937008,5125511.820515624,-3340497.591180982,23.379683801397537,13887.053754520053,14159.32821051905,9.816068483208129,-36.898541191918504,106068.10164555915
3474.28537308,789.446190395,0.00065,5e-05,170,S,1,0.5,0.5,0.5,0.5,-,M,PW,1212767.33044,19687781.3383,0.0616,2014-11-25T15:21:18.026,36.699935476,190.485010952,0.0315967140453,0.0315967140453,0.0299593928009,0.0299593928009,2456987.13979,-5.69130089661,134.02533824293118,-31.400525422000978,63577.069297157315,-3824630.8904597033,3957017.7268355377,-3337002.6168868444,-44.205532912254895,True,2.64,1998749.589991143,5125712.885117783,-3339677.3346499703,22.823922161311764,13879.008089683175,14151.269235751623,9.758909549820489,-39.09686928674078,105142.27263642472
3483.35609451,788.719954429,0.00065,5e-05,170,E,1,0.5,0.5,0.5,0.5,-,M,PW,nan,nan,nan,2014-11-25T15:21:18.086,36.7280055607,190.176931956,0.0315264757187,0.0315264757187,0.0298965734341,0.0298965734341,2456987.13979,nan,134.03115127145975,-31.396150955506112,63200.98665254667,-3824986.602110285,3956582.365635583,-3336388.551884434,-48.240097063485265,True,2.7,1998184.0819086076,5125863.585570773,-3339062.438505612,22.416576438721826,13872.6254972353,14144.876672242899,9.713588992675506,-47.61719326740752,104450.60286197922
3489.43297478,788.295131375,0.00065,5e-05,171,S,0,0.5,0.5,0.5,0.5,-,M,PW,474760.283349,20463805.3168,0.0232,2014-11-25T15:21:18.126,36.7478015844,189.970720571,0.0315251353348,0.0315251353348,0.0295232958041,0.0295232958041,2456987.13979,-5.7332749422,134.03502505007071,-31.393235282425806,62950.40077508563,-3825223.638152824,3956292.244303718,-3335979.3235396016,-48.270616151776935,True,2.74,1997807.2279596673,5125964.004149257,-3338652.656305751,22.149691367584257,13868.197373687352,14140.441981101243,9.6821948334901,-55.14570256830036,103990.80635916626
3492.48619729,788.079915836,0.00065,5e-05,171,E,0,0.5,0.5,0.5,0.5,-,M,PW,nan,nan,nan,2014-11-25T15:21:18.146,36.7574481503,189.867041699,0.0315251353348,0.0315251353348,0.0295232958041,0.0295232958041,2456987.13979,nan,134.03696145275427,-31.39177764850766,62825.14956746521,-3825342.123786693,3956147.2205773494,-3335774.755437,-48.563281755389355,True,2.76,1997618.8477890308,5126014.198563531,-3338447.81132976,22.017683659506577,13865.929812192826,14138.171115232146,9.666104327854702,-59.128870158600996,103761.30907007733
3505.06794665,787.212897681,0.00065,5e-05,172,S,1,0.5,0.5,0.5,0.5,-,M,PW,1373668.328,22299810.5195,0.0616,2014-11-25T15:21:18.226,36.7960321746,189.439504041,0.0315502941845,0.0315502941845,0.0294223958163,0.0294223958163,2456987.13979,-5.82656188571,134.0447035307827,-31.385948553697073,62324.43039850499,-3825815.8313726136,3955567.392085765,-3334956.8026067223,-50.211835238487424,True,2.84,1996865.650249975,5126214.8741541365,-3337628.7515208763,21.49943127525245,13856.489454544893,14128.71769112351,9.59924807063574,-63.305698444090325,102846.04238690274
