misc/fireball_networks/data/36_2014-11-25_152058_DSC_0594-G_DN141125_01_2018-04-26_163106_martin_nocomment.ecsv
# %ECSV 0.9
# ---
# datatype:
# - {name: x_image, unit: pix, datatype: float64}
# - {name: y_image, unit: pix, datatype: float64}
# - {name: time_err_minus, unit: s, datatype: float64}
# - {name: time_err_plus, unit: s, datatype: float64}
# - {name: de_bruijn_sequence_element_index, datatype: object}
# - {name: dash_start_end, datatype: object}
# - {name: zero_or_one, datatype: int64}
# - {name: err_minus_x_image, unit: pix, datatype: float64}
# - {name: err_plus_x_image, unit: pix, datatype: float64}
# - {name: err_minus_y_image, unit: pix, datatype: float64}
# - {name: err_plus_y_image, unit: pix, datatype: float64}
# - {name: periodic_pulse, datatype: object}
# - {name: pick_flag, datatype: object}
# - {name: encoding_type, datatype: object}
# - {name: brightness_dash_V, unit: adu, datatype: float64}
# - {name: flux_dash_V, unit: adu / s, datatype: float64}
# - {name: aperture_exptime, unit: s, datatype: float64}
# - {name: datetime, datatype: string}
# - {name: altitude, datatype: float64}
# - {name: azimuth, datatype: float64}
# - {name: err_minus_altitude, datatype: float64}
# - {name: err_plus_altitude, datatype: float64}
# - {name: err_minus_azimuth, datatype: float64}
# - {name: err_plus_azimuth, datatype: float64}
# - {name: JD, datatype: float64, description: Julian Date}
# - {name: m_V, unit: adu / s, datatype: float64}
# - {name: longitude, unit: deg, datatype: float64}
# - {name: latitude, unit: deg, datatype: float64}
# - {name: height, unit: m, datatype: float64}
# - {name: X_geo, unit: m, datatype: float64}
# - {name: Y_geo, unit: m, datatype: float64}
# - {name: Z_geo, unit: m, datatype: float64}
# - {name: cross_track_error, unit: m, datatype: float64}
# - {name: timing, datatype: bool}
# - {name: t_rel, unit: s, datatype: float64}
# - {name: X_eci, unit: m, datatype: float64}
# - {name: Y_eci, unit: m, datatype: float64}
# - {name: Z_eci, unit: m, datatype: float64}
# - {name: pos_err, unit: m, datatype: float64}
# - {name: D_DT_geo, unit: m / s, datatype: float64}
# - {name: D_DT_eci, unit: m / s, datatype: float64}
# - {name: D_DT_err, unit: m / s, datatype: float64}
# - {name: along_track_error, unit: m, datatype: float64}
# - {name: range, unit: m, datatype: float64}
# delimiter: ','
# meta: !!omap
# - {origin: Desert Fireball Network}
# - {exposure_time: 25.0}
# - {lens_type: Fisheye}
# - {telescope: DFNSMALL36}
# - {observer: 'DFN automated software http://adsabs.harvard.edu/abs/2012M%26PSA..75.5123T'}
# - {creator: raw_to_fits 6.0}
# - {timing_correction_dictionary_version: DEBUG}
# - {isodate_mid_obs: '2014-11-25T15:21:10.500'}
# - {sidereal_time_hour: 4.598023724157567}
# - {point_picking_user_comment: nocomment}
# - {point_picking_hostname: work-desktop-debian}
# - {obs_latitude: -30.6607733333}
# - {original_raw_filename: 36_2014-11-25_152058_DSC_0594.NEF}
# - {cropped: false}
# - {obs_elevation: 149.1}
# - {instrument: Nikon D800E}
# - {gps_lock: Y}
# - {filter_pattern: RG/GB}
# - {location: Mulgathing}
# - {aperture: 4.0}
# - {isodate_start_obs: '2014-11-25T15:20:58'}
# - {image_file: 36_2014-11-25_152058_DSC_0594-G.tiff}
# - {timing_corrected: true}
# - {NAXIS2: 4924}
# - {NAXIS1: 7378}
# - {event_codename: DN141125_01}
# - {jd_mid_obs: 2456987.139704861}
# - {lens: Samyang_8mm_F3.5}
# - {timing_de_bruijn_encoding_type: pulse_width}
[...]
# - {triangulation_dec_ecef_end_err: 0.021702776846172465}
# - {triangulation_slope_end: 25.82176479329127}
# - {triangulation_slope_end_err: 0.013598972266422711}
# - {triangulation_azimuth_end: -128.11087657858496}
# - {triangulation_azimuth_end_err: 0.02177322643764161}
# - {triangulation_file_1: 38_2014-11-25_152058_DSC_0559-G_DN141125_01_2018-04-26_163331_martin_nocomment.ecsv}
# - {triangulation_file_2: 40_2014-11-25_152058_DSC_0617-G_DN141125_01_2018-04-26_163631_martin_nocomment.ecsv}
# - {triangulation_file_3: 41_2014-11-25_152059_DSC_0674-G_DN141125_01_2018-01-01_212656_ellie_nocomment.ecsv}
# - {triangulation_file_4: 40_2014-11-25_152058_DSC_0617-G_DN141125_01_2018-04-26_163631_martin_nocomment.ecsv}
# - {triangulation_file_5: 38_2014-11-25_152058_DSC_0559-G_DN141125_01_2018-04-26_163331_martin_nocomment.ecsv}
# - {triangulation_t0: '2014-11-25T15:21:15.386'}
# - {triangulation_file_0: 36_2014-11-25_152058_DSC_0594-G_DN141125_01_2018-04-26_163106_martin_nocomment.ecsv}
# - {astropy_version: 3.0.1}
# - {numpy_version: 1.14.2}
# - {scipy_version: 1.0.1}
# schema: astropy-2.0
x_image,y_image,time_err_minus,time_err_plus,de_bruijn_sequence_element_index,dash_start_end,zero_or_one,err_minus_x_image,err_plus_x_image,err_minus_y_image,err_plus_y_image,periodic_pulse,pick_flag,encoding_type,brightness_dash_V,flux_dash_V,aperture_exptime,datetime,altitude,azimuth,err_minus_altitude,err_plus_altitude,err_minus_azimuth,err_plus_azimuth,JD,m_V,longitude,latitude,height,X_geo,Y_geo,Z_geo,cross_track_error,timing,t_rel,X_eci,Y_eci,Z_eci,pos_err,D_DT_geo,D_DT_eci,D_DT_err,along_track_error,range
[from data line 88]
3799.6218156,780.022776632,0.00065,5e-05,187,E,1,0.5,0.5,0.5,0.5,-,M,PW,nan,nan,nan,2014-11-25T15:21:19.786,37.2752528353,179.349484639,0.0316817075191,0.0316817075191,0.0290966912058,0.0290966912058,2456987.13981,nan,134.1939727400289,-31.27322021408073,52691.70596348936,-3834943.5589850997,3944389.104885119,-3319175.193699778,-51.17801840206035,True,4.4,1982340.1256618344,5130080.164545109,-3321825.794562583,15.050219613111864,13490.579808236105,13762.592171266835,7.387169784069837,-94.26546087508144,86082.52953567068
3808.64468933,780.080729947,0.00065,5e-05,188,S,1,0.5,0.5,0.5,0.5,-,M,PW,3166953.7439,51411586.7516,0.0616,2014-11-25T15:21:19.826,37.2734502735,179.039025493,0.03166372811,0.03166372811,0.0289518022422,0.0289518022422,2456987.13981,-6.73346147352,134.19773610039837,-31.2703696432633,52449.36308783831,-3835173.5505962106,3944107.3001531796,-3318777.021957563,-55.532800351648916,True,4.44,1981973.7274257157,5130177.555119421,-3321427.0843240866,14.972195689015464,13474.53013149529,13746.538461231266,7.314040977782401,-89.28905262187496,85686.19020545654
3821.9392694,780.267031044,0.00065,5e-05,188,E,1,0.5,0.5,0.5,0.5,-,M,PW,nan,nan,nan,2014-11-25T15:21:19.886,37.2711149009,178.581575194,0.0316379234251,0.0316379234251,0.0289028147076,0.0289028147076,2456987.13981,nan,134.20337247911414,-31.266099557951055,52086.45308737838,-3835517.9959607236,3943685.2433021744,-3318180.6528330897,-59.199789004912894,True,4.5,1981424.9447179267,5130323.415413665,-3320829.908684563,14.860766984680525,13449.572942684144,13721.57540302713,7.205105566384688,-97.06372296537009,85095.5048592125
3831.0271141,780.352398375,0.00065,5e-05,189,S,0,0.5,0.5,0.5,0.5,-,M,PW,2068216.48476,89147262.2742,0.0232,2014-11-25T15:21:19.926,37.2664202595,178.26896128,0.0316087523721,0.0316087523721,0.0289519777063,0.0289519777063,2456987.13981,-7.33107897967,134.20712409531154,-31.263256831573784,51844.92841477548,-3835747.2529746545,3943404.3201849465,-3317783.6864586705,-64.73545350117767,True,4.54,1981059.650898864,5130420.500492816,-3320432.405442601,14.789943793157837,13432.327257966363,13704.325952701674,7.133319595985748,-96.76276012157648,84704.30731835689
3835.57675004,780.428279348,0.00065,5e-05,189,E,0,0.5,0.5,0.5,0.5,-,M,PW,nan,nan,nan,2014-11-25T15:21:19.946,37.2644964403,178.112447667,0.0317409265847,0.0317409265847,0.0289046003002,0.0289046003002,2456987.13981,nan,134.20899805988827,-31.261836708008506,51724.29398717964,-3835861.7662806264,3943263.996974356,-3317585.3927511303,-66.39527307726169,True,4.56,1980877.1772919002,5130468.995221318,-3320233.8435527906,14.755510627463671,13423.517061417979,13695.51390219825,7.097753652133142,-97.44913977246154,84509.49780590413
3854.27728199,780.767132967,0.00065,5e-05,190,S,1,0.5,0.5,0.5,0.5,-,M,PW,3593517.4372,58336322.0324,0.0616,2014-11-25T15:21:20.026,37.2534505416,177.469264796,0.0318158029785,0.0318158029785,0.0285789734646,0.0285789734646,2456987.13982,-6.87065656452,134.21648104950486,-31.256164790609898,51242.63516382095,-3836319.015071249,3942703.6685693017,-3316793.5244273413,-74.62536257470836,True,4.64,1980148.476413954,5130662.64546216,-3319440.9042797135,14.623668246814331,13386.987488449555,13658.977276930847,6.95844635020096,-87.31853153104485,83735.60948942171
3868.27047668,781.139881345,0.00065,5e-05,190,E,1,0.5,0.5,0.5,0.5,-,M,PW,nan,nan,nan,2014-11-25T15:21:20.086,37.2445922882,176.988019711,0.0317914790266,0.0317914790266,0.0285331836181,0.0285331836181,2456987.13982,nan,134.22207957191168,-31.251920250947546,50882.34619059184,-3836661.096647978,3942284.4527454423,-3316201.0491206264,-78.23085932518667,True,4.7,1979603.2516289507,5130807.525648077,-3318847.6276763435,14.530428480937035,13358.18775277259,13630.172606915836,6.857956810213557,-88.58261868920644,83160.9193515482
3877.96886805,781.384595821,0.00065,5e-05,191,S,1,0.5,0.5,0.5,0.5,-,M,PW,3674768.76926,59655337.1632,0.0616,2014-11-25T15:21:20.126,37.2359640981,176.65463157,0.0317209133571,0.0317209133571,0.0286699631803,0.0286699631803,2456987.13982,-6.89493221505,134.2258050422273,-31.24909525182945,50642.62636246727,-3836888.7223520936,3942005.4914983776,-3315806.7747165347,-82.62507207473443,True,4.74,1979240.41442758,5130903.935307257,-3318452.820018531,14.470574286451267,13338.292535932298,13610.274268056026,6.793406051961262,-78.4157813372029,82780.57780151207
3892.57070731,781.884980398,0.00065,5e-05,191,E,1,0.5,0.5,0.5,0.5,-,M,PW,nan,nan,nan,2014-11-25T15:21:20.186,37.223690218,176.152641141,0.0316160725063,0.0316160725063,0.0286894120251,0.0286894120251,2456987.13982,nan,134.23138236632377,-31.244865097401878,50283.78109633566,-3837229.482266375,3941587.8645863077,-3315216.468743106,-85.67012061851513,True,4.8,1978697.1645431884,5131048.274497831,-3317861.7156320983,14.383798011828308,13307.368304873822,13579.34557520323,6.7009545649927045,-66.38542751133143,82214.32180373558
3902.27388026,782.306903648,0.00065,5e-05,192,S,1,0.5,0.5,0.5,0.5,-,M,PW,3633937.84594,58992497.499,0.0616,2014-11-25T15:21:20.226,37.2160590838,175.818998284,0.031477272212,0.031477272212,0.0287299577428,0.0287299577428,2456987.13982,-6.88280091049,134.2350933130755,-31.242050074656497,50045.0556426515,-3837456.203880799,3941309.9927539797,-3314823.6938343574,-85.21141129650857,True,4.84,1978335.6908785342,5131144.311293062,-3317468.409473133,14.327677219740327,13286.007994086762,13557.982491528259,6.64289907289224,-63.12387508754441,81839.70324283413
3916.92743147,783.000256605,0.00065,5e-05,192,E,1,0.5,0.5,0.5,0.5,-,M,PW,nan,nan,nan,2014-11-25T15:21:20.286,37.2029706884,175.315215765,0.0313861693741,0.0313861693741,0.0286798596587,0.0286798596587,2456987.13982,nan,134.24064823797062,-31.237835485254703,49687.75144666832,-3837795.571513439,3940894.0471376176,-3314235.719878806,-84.22864021059159,True,4.9,1977794.5592333302,5131288.072231419,-3316879.6402479387,14.245614223330282,13252.809471769317,13524.780110318914,6.561955005585765,-59.64683315390673,81282.18378901429
3927.18939972,783.597899153,0.00065,5e-05,193,S,0,0.5,0.5,0.5,0.5,-,M,PW,2371263.83861,102209648.216,0.0232,2014-11-25T15:21:20.326,37.1948196983,174.962260506,0.0313549918649,0.0313549918649,0.0287193122663,0.0287193122663,2456987.13982,-7.47953868735,134.24434360252522,-31.235031251882155,49450.08749248935,-3838021.324507592,3940617.343889716,-3313844.556584476,-80.31026328516339,True,4.94,1977434.5478480295,5131383.710499632,-3316487.947844124,14.192065249133776,13229.88136909448,13501.849615350033,6.512660058873089,-41.58307739574397,80913.49075913617
3931.86682377,783.892582552,0.00065,5e-05,193,E,0,0.5,0.5,0.5,0.5,-,M,PW,nan,nan,nan,2014-11-25T15:21:20.346,37.1911324358,174.801356944,0.0313300435989,0.0313300435989,0.0286763018539,0.0286763018539,2456987.13982,nan,134.24618884154867,-31.23363083475206,49331.421421173,-3838134.0492435033,3940479.1754630697,-3313649.2278601024,-78.00144488838845,True,4.96,1977254.771355076,5131431.46729302,-3316292.3549135886,14.165573227665018,13218.172056845518,13490.139171716592,6.489548372001263,-51.151097595193754,80730.05256898276
3951.82877929,785.096402196,0.00065,5e-05,194,S,1,0.5,0.5,0.5,0.5,-,M,PW,3588471.92478,58254414.3633,0.0616,2014-11-25T15:21:20.426,37.1693358461,174.115188919,0.0311605752663,0.0311605752663,0.0285427372142,0.0285427372142,2456987.13982,-6.86913105504,134.2535527992323,-31.228040913930347,48857.89762780941,-3838583.891879251,3939927.7748897937,-3312869.656660119,-73.32140644232008,True,5.04,1976537.2439680097,5131622.065717757,-3315511.7291884017,14.061012822625159,13169.646630918129,13441.609640553344,6.408637538988303,-47.953092742336274,80002.45086780081
3966.76920831,786.046601593,0.00065,5e-05,194,E,1,0.5,0.5,0.5,0.5,-,M,PW,nan,nan,nan,2014-11-25T15:21:20.486,37.1497572936,173.601909414,0.0310366853175,0.0310366853175,0.0284648249715,0.0284648249715,2456987.13982,nan,134.25905754845965,-31.223861325782018,48503.99498436723,-3838920.1445151437,3939515.591342368,-3312286.880467774,-70.80174117563973,True,5.1,1976000.8187691232,5131764.548027001,-3314928.164635971,13.983489027519282,13131.413707186948,13403.374122522282,6.361425293426426,-53.849447591220105,79463.32761136838
3977.00913071,786.752626119,0.00065,5e-05,195,S,0,0.5,0.5,0.5,0.5,-,M,PW,2647890.92951,114133229.72,0.0232,2014-11-25T15:21:20.526,37.135626973,173.250156714,0.0310139467764,0.0310139467764,0.0285198896362,0.0285198896362,2456987.13982,-7.59933922106,134.2627182719538,-31.221081341009594,48268.67407293101,-3839143.748226353,3939241.48513007,-3311899.3083589845,-68.2742043251569,True,5.14,1975644.0559816859,5131859.30504498,-3314540.0681984015,13.931984474850442,13105.01340584644,13376.972317183248,6.337152231750012,-50.41941003568943,79107.10726780667
3982.05440299,787.072975729,0.00065,5e-05,195,E,0,0.5,0.5,0.5,0.5,-,M,PW,nan,nan,nan,2014-11-25T15:21:20.546,37.1271519391,173.077041054,0.0309673695124,0.0309673695124,0.0284987183754,0.0284987183754,2456987.13982,nan,134.26454582356294,-31.219693330229983,48151.20275986596,-3839255.375948584,3939104.642647699,-3311705.81409265,-68.62803463900028,True,5.16,1975465.9379929674,5131906.612326874,-3314346.312149174,13.906234589500869,13091.532374535313,13363.490609707957,6.327310774242842,-52.6019150643467,78929.96837904064
4002.74544687,788.542050783,0.00065,5e-05,196,S,1,0.5,0.5,0.5,0.5,-,M,PW,3650653.19034,59263850.4925,0.0616,2014-11-25T15:21:20.626,37.0921781845,172.367059081,0.0306796797284,0.0306796797284,0.028272598243,0.028272598243,2456987.13982,-6.88778361614,134.2718365077128,-31.214154973924174,47682.617870539696,-3839700.676717249,3938558.734613134,-3310933.8479772024,-66.67732689303527,True,5.24,1974755.2799777945,5132095.351566906,-3313573.3016118915,13.802906979156218,13035.676078712415,13307.632130792137,6.304375938667738,-48.420709647611055,78227.98581083151
4018.38124453,789.772049832,0.00065,5e-05,196,E,1,0.5,0.5,0.5,0.5,-,M,PW,nan,nan,nan,2014-11-25T15:21:20.686,37.0641575374,171.83069999,0.0307218997313,0.0307218997313,0.027953571031,0.027953571031,2456987.13982,nan,134.27728355397838,-31.210016171139806,47332.59333542502,-3840033.355411245,3938150.875892754,-3310357.0665656864,-63.54834621259361,True,5.3,1974224.2629563045,5132236.372954066,-3312995.7397830063,13.724725731206016,12991.681080690101,13263.63605487087,6.305665268244996,-47.53188184060147,77708.52343487312
4029.28552865,790.605826839,0.00065,5e-05,197,S,0,0.5,0.5,0.5,0.5,-,M,PW,1928688.58116,83133128.4982,0.0232,2014-11-25T15:21:20.726,37.0412946076,171.457164515,0.0307218997313,0.0307218997313,0.027953571031,0.027953571031,2456987.13982,-7.25524426437,134.2809044467748,-31.207264423652703,47099.944080113506,-3840254.4934810065,3937879.7547571175,-3309973.635234688,-63.999442692810476,True,5.34,1973871.232609416,5132330.123042894,-3312611.789605401,13.67213238001318,12961.308916109196,13233.263443070837,6.315921739426151,-32.41945883998981,77365.62419747344
4034.52066536,791.121995984,0.00065,5e-05,197,E,0,0.5,0.5,0.5,0.5,-,M,PW,nan,nan,nan,2014-11-25T15:21:20.746,37.0329711547,171.277351386,0.0307218997313,0.0307218997313,0.027953571031,0.027953571031,2456987.13982,nan,134.28271149516667,-31.205890854025572,46983.83513731574,-3840364.8512332933,3937744.4474584674,-3309782.255777364,-60.01371923691385,True,5.36,1973695.019960614,5132376.916700975,-3312420.151185502,13.64566988306239,12945.80176042625,13217.756150904383,6.323966098451519,-33.59972199221564,77195.21022700853
4055.50215543,792.930465387,0.00065,5e-05,198,S,0,0.5,0.5,0.5,0.5,-,M,PW,2335112.67134,100651408.247,0.0232,2014-11-25T15:21:20.826,36.9869772394,170.558853275,0.0305097222453,0.0305097222453,0.0281477399687,0.0281477399687,2456987.13982,-7.46285859256,134.28991812179112,-31.20041248219434,46520.88242426932,-3840804.954024216,3937204.839553406,-3309019.0546387318,-57.61290859486576,True,5.44,1972992.252330705,5132563.531587003,-3311655.917207679,13.538338774654795,12881.564881423117,13153.519339633061,6.376124239632156,-43.580721690668234,76520.55738153205
4060.66886275,793.409360917,0.00065,5e-05,198,E,0,0.5,0.5,0.5,0.5,-,M,PW,nan,nan,nan,2014-11-25T15:21:20.846,36.9754204618,170.381947494,0.0305097222453,0.0305097222453,0.0281477399687,0.0281477399687,2456987.13982,nan,134.29171406228244,-31.199046985982747,46405.524882153106,-3840914.6265805773,3937070.3658504556,-3308828.850058061,-56.45440923771243,True,5.46,1972817.0957319245,5132610.041590048,-3311465.4552132413,13.511260481554748,12864.938550196466,13136.893212414818,6.394278863376693,-50.37825866079995,76353.6675902958
4082.29602027,795.271448258,0.00065,5e-05,199,S,1,0.5,0.5,0.5,0.5,-,M,PW,3629729.34081,58924177.6105,0.0616,2014-11-25T15:21:20.926,36.917652364,169.643307603,0.0306351970143,0.0306351970143,0.0280752398839,0.0280752398839,2456987.13983,-6.88154277826,134.29887398930848,-31.193602135005897,45945.67851189074,-3841351.845004798,3936534.25658287,-3308070.5172979897,-60.30185599436433,True,5.54,1972118.7009272636,5132795.483273136,-3310706.0960485996,13.401704265250249,12796.073036939048,13068.02909704394,6.487602960963015,-48.83599387551017,75693.33003509624
4098.61016395,796.81048497,0.00065,5e-05,199,E,1,0.5,0.5,0.5,0.5,-,M,PW,nan,nan,nan,2014-11-25T15:21:20.986,36.8724643347,169.086479574,0.0305489524755,0.0305489524755,0.0280516269183,0.0280516269183,2456987.13983,nan,134.3042177987035,-31.189537211038996,45602.516358304514,-3841678.1446063896,3936134.1311748982,-3307504.47726884,-61.323937975559,True,5.6,1971597.3357415358,5132933.913514371,-3310139.2897832114,13.318385651261867,12741.856208597554,13013.81401415127,6.579249572454265,-50.088920090177815,75205.77828111907
4109.52998836,797.815951281,0.00065,5e-05,200,S,1,0.5,0.5,0.5,0.5,-,M,PW,4015355.67652,65184345.398,0.0616,2014-11-25T15:21:21.026,36.8388346611,168.71453841,0.0305489524755,0.0305489524755,0.0280516269183,0.0280516269183,2456987.13983,-6.9911672249,134.30776756419044,-31.18683657413077,45374.59480027405,-3841894.8904554206,3935868.3386173095,-3307128.462666881,-64.53635318151487,True,5.64,1971250.9650722612,5133025.877733872,-3309762.7661385112,13.262452237584245,12704.442277962427,12976.401639657295,6.651297150853474,-52.276655814449875,74884.47851575211
4126.08096139,799.551084763,0.00065,5e-05,200,E,1,0.5,0.5,0.5,0.5,-,M,PW,nan,nan,nan,2014-11-25T15:21:21.086,36.7899620326,168.150318241,0.0304631843057,0.0304631843057,0.0279966420945,0.0279966420945,2456987.13983,nan,134.31307216184496,-31.182800143020845,45034.03794704853,-3842218.7729050075,3935471.151570904,-3306566.5353711015,-63.66214250165659,True,5.7,1970733.2855159459,5133163.3226957945,-3309200.0780288274,13.178063151492035,12646.34815858879,12918.310447222895,6.773028358223521,-52.98210319383196,74408.21448889837
4137.46893888,800.65176358,0.00065,5e-05,201,S,1,0.5,0.5,0.5,0.5,-,M,PW,4194304.27561,68089355.1236,0.0616,2014-11-25T15:21:21.126,36.7507804963,167.763470236,0.0304580029141,0.0304580029141,0.0279652656996,0.0279652656996,2456987.13983,-7.03850700596,134.3165947585879,-31.18011920654646,44807.911176929156,-3842433.8438228806,3935207.3938884023,-3306193.359635886,-68.31002700453453,True,5.74,1970389.4572966418,5133254.607911782,-3308826.3969820123,13.121746865402622,12606.264122808552,12878.228764281599,6.863601592013164,-43.87391764676852,74094.54536373263
4154.41916887,802.454081468,0.00065,5e-05,201,E,1,0.5,0.5,0.5,0.5,-,M,PW,nan,nan,nan,2014-11-25T15:21:21.186,36.6929593068,167.187614341,0.030373822123,0.030373822123,0.0279265200701,0.0279265200701,2456987.13983,nan,134.321857013463,-31.17611342046613,44470.13640556531,-3842755.115711508,3934813.37673699,-3305635.841243612,-71.50606356001387,True,5.8,1969875.7238979137,5133390.999994962,-3308268.1235727826,13.037663142235546,12544.036378865629,12816.005192466608,7.012726230752524,-38.39126424788853,73629.8839786824
