misc/fireball_networks/data/36_2014-11-25_152058_DSC_0594-G_DN141125_01_2018-04-26_163106_martin_nocomment.ecsv
# %ECSV 0.9
# ---
# datatype:
# - {name: x_image, unit: pix, datatype: float64}
# - {name: y_image, unit: pix, datatype: float64}
# - {name: time_err_minus, unit: s, datatype: float64}
# - {name: time_err_plus, unit: s, datatype: float64}
# - {name: de_bruijn_sequence_element_index, datatype: object}
# - {name: dash_start_end, datatype: object}
# - {name: zero_or_one, datatype: int64}
# - {name: err_minus_x_image, unit: pix, datatype: float64}
# - {name: err_plus_x_image, unit: pix, datatype: float64}
# - {name: err_minus_y_image, unit: pix, datatype: float64}
# - {name: err_plus_y_image, unit: pix, datatype: float64}
# - {name: periodic_pulse, datatype: object}
# - {name: pick_flag, datatype: object}
# - {name: encoding_type, datatype: object}
# - {name: brightness_dash_V, unit: adu, datatype: float64}
# - {name: flux_dash_V, unit: adu / s, datatype: float64}
# - {name: aperture_exptime, unit: s, datatype: float64}
# - {name: datetime, datatype: string}
# - {name: altitude, datatype: float64}
# - {name: azimuth, datatype: float64}
# - {name: err_minus_altitude, datatype: float64}
# - {name: err_plus_altitude, datatype: float64}
# - {name: err_minus_azimuth, datatype: float64}
# - {name: err_plus_azimuth, datatype: float64}
# - {name: JD, datatype: float64, description: Julian Date}
# - {name: m_V, unit: adu / s, datatype: float64}
# - {name: longitude, unit: deg, datatype: float64}
# - {name: latitude, unit: deg, datatype: float64}
# - {name: height, unit: m, datatype: float64}
# - {name: X_geo, unit: m, datatype: float64}
# - {name: Y_geo, unit: m, datatype: float64}
# - {name: Z_geo, unit: m, datatype: float64}
# - {name: cross_track_error, unit: m, datatype: float64}
# - {name: timing, datatype: bool}
# - {name: t_rel, unit: s, datatype: float64}
# - {name: X_eci, unit: m, datatype: float64}
# - {name: Y_eci, unit: m, datatype: float64}
# - {name: Z_eci, unit: m, datatype: float64}
# - {name: pos_err, unit: m, datatype: float64}
# - {name: D_DT_geo, unit: m / s, datatype: float64}
# - {name: D_DT_eci, unit: m / s, datatype: float64}
# - {name: D_DT_err, unit: m / s, datatype: float64}
# - {name: along_track_error, unit: m, datatype: float64}
# - {name: range, unit: m, datatype: float64}
# delimiter: ','
# meta: !!omap
# - {origin: Desert Fireball Network}
# - {exposure_time: 25.0}
# - {lens_type: Fisheye}
# - {telescope: DFNSMALL36}
# - {observer: 'DFN automated software http://adsabs.harvard.edu/abs/2012M%26PSA..75.5123T'}
# - {creator: raw_to_fits 6.0}
# - {timing_correction_dictionary_version: DEBUG}
# - {isodate_mid_obs: '2014-11-25T15:21:10.500'}
# - {sidereal_time_hour: 4.598023724157567}
# - {point_picking_user_comment: nocomment}
# - {point_picking_hostname: work-desktop-debian}
# - {obs_latitude: -30.6607733333}
# - {original_raw_filename: 36_2014-11-25_152058_DSC_0594.NEF}
# - {cropped: false}
# - {obs_elevation: 149.1}
# - {instrument: Nikon D800E}
# - {gps_lock: Y}
# - {filter_pattern: RG/GB}
# - {location: Mulgathing}
# - {aperture: 4.0}
# - {isodate_start_obs: '2014-11-25T15:20:58'}
# - {image_file: 36_2014-11-25_152058_DSC_0594-G.tiff}
# - {timing_corrected: true}
# - {NAXIS2: 4924}
# - {NAXIS1: 7378}
# - {event_codename: DN141125_01}
# - {jd_mid_obs: 2456987.139704861}
# - {lens: Samyang_8mm_F3.5}
# - {timing_de_bruijn_encoding_type: pulse_width}
[...]
# - {triangulation_dec_ecef_end_err: 0.021702776846172465}
# - {triangulation_slope_end: 25.82176479329127}
# - {triangulation_slope_end_err: 0.013598972266422711}
# - {triangulation_azimuth_end: -128.11087657858496}
# - {triangulation_azimuth_end_err: 0.02177322643764161}
# - {triangulation_file_1: 38_2014-11-25_152058_DSC_0559-G_DN141125_01_2018-04-26_163331_martin_nocomment.ecsv}
# - {triangulation_file_2: 40_2014-11-25_152058_DSC_0617-G_DN141125_01_2018-04-26_163631_martin_nocomment.ecsv}
# - {triangulation_file_3: 41_2014-11-25_152059_DSC_0674-G_DN141125_01_2018-01-01_212656_ellie_nocomment.ecsv}
# - {triangulation_file_4: 40_2014-11-25_152058_DSC_0617-G_DN141125_01_2018-04-26_163631_martin_nocomment.ecsv}
# - {triangulation_file_5: 38_2014-11-25_152058_DSC_0559-G_DN141125_01_2018-04-26_163331_martin_nocomment.ecsv}
# - {triangulation_t0: '2014-11-25T15:21:15.386'}
# - {triangulation_file_0: 36_2014-11-25_152058_DSC_0594-G_DN141125_01_2018-04-26_163106_martin_nocomment.ecsv}
# - {astropy_version: 3.0.1}
# - {numpy_version: 1.14.2}
# - {scipy_version: 1.0.1}
# schema: astropy-2.0
x_image,y_image,time_err_minus,time_err_plus,de_bruijn_sequence_element_index,dash_start_end,zero_or_one,err_minus_x_image,err_plus_x_image,err_minus_y_image,err_plus_y_image,periodic_pulse,pick_flag,encoding_type,brightness_dash_V,flux_dash_V,aperture_exptime,datetime,altitude,azimuth,err_minus_altitude,err_plus_altitude,err_minus_azimuth,err_plus_azimuth,JD,m_V,longitude,latitude,height,X_geo,Y_geo,Z_geo,cross_track_error,timing,t_rel,X_eci,Y_eci,Z_eci,pos_err,D_DT_geo,D_DT_eci,D_DT_err,along_track_error,range
[from data line 59]
3521.15221778,786.199209458,0.00065,5e-05,173,S,1,0.5,0.5,0.5,0.5,-,M,PW,1730604.08593,28094222.1742,0.0616,2014-11-25T15:21:18.326,36.8440346625,188.892542264,0.0315502941845,0.0315502941845,0.0294223958163,0.0294223958163,2456987.1398,-6.07735148495,134.05437336895588,-31.378665731737847,61699.1997051732,-3826407.4534793645,3954843.196452216,-3333935.122895566,-50.63398699002932,True,2.94,1995924.9176645854,5126465.479273135,-3336605.689217478,20.874350899787025,13843.81380484151,14116.025908872118,9.509851537910759,-66.06807427673849,101708.2329689967
3531.31065417,785.599953358,0.00065,5e-05,173,E,1,0.5,0.5,0.5,0.5,-,M,PW,nan,nan,nan,2014-11-25T15:21:18.386,36.8731811739,188.546786665,0.0316549951728,0.0316549951728,0.0295233830465,0.0295233830465,2456987.1398,nan,134.06017075311928,-31.37429813387585,61324.43482569592,-3826762.1293834834,3954409.02129319,-3333322.549415482,-50.70758515103275,True,3.0,1995360.910744867,5126615.708165153,-3335992.2868041513,20.51192418425276,13835.713943630519,14107.91643417026,9.4529504848983,-51.201276062345514,101028.99740644467
3537.68953687,785.24411777,0.00065,5e-05,174,S,1,0.5,0.5,0.5,0.5,-,M,PW,1815344.38069,29469876.3099,0.0616,2014-11-25T15:21:18.426,36.8911450863,188.329576086,0.0317057432692,0.0317057432692,0.0295744554274,0.0295744554274,2456987.1398,-6.12925473612,134.0640335271358,-31.371387349721562,61074.75343303678,-3826998.4384933985,3954119.7323010894,-3332914.3584178137,-50.38231024981175,True,3.04,1994985.0955461145,5126715.802465488,-3335583.543474882,20.275696925452937,13830.097890925834,14102.294036479452,9.413601378859452,-63.69944095264311,100577.64975160745
3547.68947679,784.659568182,0.00065,5e-05,174,E,1,0.5,0.5,0.5,0.5,-,M,PW,nan,nan,nan,2014-11-25T15:21:18.486,36.9170542581,187.988627196,0.0315788888364,0.0315788888364,0.0294694503655,0.0294694503655,2456987.1398,nan,134.06982484549388,-31.367022688926433,60700.482038858296,-3827352.7171917413,3953686.0160839274,-3332302.3719424293,-52.53306813612874,True,3.1,1994421.6683538596,5126865.853480163,-3334970.7289228304,19.929643996235612,13821.337049418373,14093.52374053332,9.352408792230692,-66.68753315975086,99902.8817771778
3554.44728276,784.286868495,0.00065,5e-05,175,S,0,0.5,0.5,0.5,0.5,-,M,PW,1207732.28111,52057425.9099,0.0232,2014-11-25T15:21:18.526,36.9342088487,187.758130796,0.0315199516248,0.0315199516248,0.0294352576747,0.0294352576747,2456987.1398,-6.74701567773,134.0736835869117,-31.36411398210816,60451.13963246392,-3827588.763533415,3953397.033554418,-3331894.588831564,-53.58438392390355,True,3.14,1994046.2542452267,5126965.825387751,-3334562.3940629917,19.704559810439207,13815.264393173891,14087.444825388957,9.310198221672287,-67.73449409152431,99454.56759749092
3557.8614283,784.098390311,0.00065,5e-05,175,E,0,0.5,0.5,0.5,0.5,-,M,PW,nan,nan,nan,2014-11-25T15:21:18.546,36.9425590977,187.641620573,0.0315199516248,0.0315199516248,0.0294352576747,0.0294352576747,2456987.1398,nan,134.07561229699166,-31.36265996390151,60326.52120201283,-3827706.7436600095,3953252.5921980916,-3331690.761706023,-54.35915627659965,True,3.16,1993858.6102306594,5127015.792232804,-3334358.291165309,19.5937333456701,13812.15641766145,14084.333755068248,9.288621960271733,-67.61353624749039,99230.8768633103
3571.76279963,783.344154146,0.00065,5e-05,176,S,1,0.5,0.5,0.5,0.5,-,M,PW,2476557.75658,40203859.6847,0.0616,2014-11-25T15:21:18.626,36.9747900891,187.166898417,0.0311280239769,0.0311280239769,0.0294947510217,0.0294947510217,2456987.1398,-6.46647832498,134.08332240296426,-31.35684624528425,59828.40990406358,-3828178.3560427204,3952675.1831773478,-3330875.899624127,-58.58716180343196,True,3.24,1993108.4692599045,5127215.528357694,-3333542.326600931,19.162021835314864,13799.230970639477,14071.395956663335,9.199381592079643,-62.484618291016155,98339.28037516688
3582.42303743,782.777042177,0.00065,5e-05,176,E,1,0.5,0.5,0.5,0.5,-,M,PW,nan,nan,nan,2014-11-25T15:21:18.686,36.9974888485,186.802511187,0.0311731311461,0.0311731311461,0.029568843012,0.029568843012,2456987.1398,nan,134.08910011793645,-31.35248857996997,59455.21922611565,-3828531.7504805727,3952242.494834329,-3330265.242611101,-62.974434967632824,True,3.3,1992546.3387745544,5127365.187837183,-3332930.8434266225,18.85061066338864,13788.998658129949,14061.154517813313,9.1292530646848,-55.0561332283648,97673.97292831987
3589.45447664,782.422070966,0.00065,5e-05,177,S,1,0.5,0.5,0.5,0.5,-,M,PW,2401770.9898,38989788.7954,0.0616,2014-11-25T15:21:18.726,37.0119079535,186.562066176,0.0312346056411,0.0312346056411,0.0296304499505,0.0296304499505,2456987.1398,-6.43318616014,134.09294944146708,-31.349584802570384,59206.61956715173,-3828767.186051605,3951954.2236743094,-3329858.3826759243,-65.75866124278656,True,3.34,1992171.8216747763,5127464.890240377,-3332523.4330573506,18.64898199314049,13781.90978229199,14054.059603428243,9.08097460966759,-57.138043379512354,97232.08677973354
3600.34461163,781.969277121,0.00065,5e-05,177,E,1,0.5,0.5,0.5,0.5,-,M,PW,nan,nan,nan,2014-11-25T15:21:18.786,37.0353596866,186.189778731,0.0316030211796,0.0316030211796,0.0295259597687,0.0295259597687,2456987.1398,nan,134.09871954579563,-31.345231251119632,58834.02080558335,-3829120.089036917,3951522.109787417,-3329248.4758241847,-66.49512980650275,True,3.4,1991610.4149618384,5127614.334295722,-3331912.7011204027,18.35564395084056,13770.860298508955,14043.001128803364,9.0062022990408,-49.780214209362214,96571.7865443541
3607.3306374,781.657597937,0.00065,5e-05,178,S,0,0.5,0.5,0.5,0.5,-,M,PW,1460463.38995,62951008.1876,0.0232,2014-11-25T15:21:18.826,37.0486520653,185.950701516,0.0316030211796,0.0316030211796,0.0295259597687,0.0295259597687,2456987.1398,-6.95331567829,134.10256343440201,-31.34233036380766,58585.828003694514,-3829355.1735626943,3951234.247227841,-3328842.136397493,-68.88682778791248,True,3.44,1991236.3983711144,5127713.888393804,-3331505.811989953,18.16620097488171,13763.207293248963,14035.342211106888,8.954754189304548,-60.96815220956253,96133.30396820696
3610.93541913,781.536966014,0.00065,5e-05,178,E,0,0.5,0.5,0.5,0.5,-,M,PW,nan,nan,nan,2014-11-25T15:21:18.846,37.0563600001,185.827433899,0.0317078827784,0.0317078827784,0.0294930169321,0.0294930169321,2456987.1398,nan,134.10448463476223,-31.34088038269041,58461.79505285265,-3829472.66838806,3951090.372774857,-3328639.048780677,-68.35936785898882,True,3.46,1991049.4687065769,5127763.6422709245,-3331302.4496433437,18.07332637619346,13759.2923575187,14031.42433282414,8.928567839080273,-62.519768611793204,95914.58473396098
3625.3079633,781.113043604,0.00065,5e-05,179,S,0,0.5,0.5,0.5,0.5,-,M,PW,1605216.18292,69190352.7121,0.0232,2014-11-25T15:21:18.926,37.0864635202,185.335784396,0.0317078827784,0.0317078827784,0.0294930169321,0.0294930169321,2456987.1398,-7.05592281479,134.11216371865288,-31.33508369147603,57966.09875553136,-3829942.2807409223,3950515.3060316313,-3327827.266362173,-65.20365520653648,True,3.54,1990302.2925254407,5127962.498539613,-3330489.569113243,17.71361895304867,13743.023283288576,14015.143657619072,8.82102699690465,-77.83713295550648,95043.25547367318
3628.46882389,781.087010084,0.00065,5e-05,179,E,0,0.5,0.5,0.5,0.5,-,M,PW,nan,nan,nan,2014-11-25T15:21:18.946,37.0945821967,185.227799115,0.0317078827784,0.0317078827784,0.0294930169321,0.0294930169321,2456987.1398,nan,134.11408201709253,-31.333635359757146,57842.286333805176,-3830059.589484302,3950371.650364241,-3327624.4673302136,-61.5380721866337,True,3.56,1990115.6381264417,5128012.171747744,-3330286.4957644558,17.626930172659282,13738.799391764342,14010.916876511523,8.793277844067738,-103.03832310733864,94826.32368821476
3643.11817139,780.674053348,0.00065,5e-05,180,S,0,0.5,0.5,0.5,0.5,-,M,PW,1737850.89833,74907366.3071,0.0232,2014-11-25T15:21:19.026,37.1211763405,184.726033055,0.0315348593234,0.0315348593234,0.0293328325276,0.0293328325276,2456987.1398,-7.14212027309,134.12174888509065,-31.32784560405744,57347.500142081386,-3830528.418982971,3949797.5028174547,-3326813.8859459977,-60.94397123860244,True,3.64,1989369.6041614122,5128210.694619935,-3329474.8179269796,17.292643893148874,13721.250527704746,13993.356664503961,8.679045644918967,-119.49638413074746,93962.28303326086
3646.86753795,780.600443099,0.00065,5e-05,180,E,0,0.5,0.5,0.5,0.5,-,M,PW,nan,nan,nan,2014-11-25T15:21:19.046,37.1283154395,184.597619748,0.0316026102091,0.0316026102091,0.0293155903812,0.0293155903812,2456987.1398,nan,134.12366405827208,-31.326399093009712,57223.92242267415,-3830645.5279666577,3949654.082580056,-3326611.399158709,-59.732852920983696,True,3.66,1989183.2458929617,5128260.281723965,-3329272.057254227,17.21218433740736,13716.695435479507,13988.798767032738,8.649704847943395,-121.46784774056233,93747.20804855326
3662.50957762,780.076584414,0.00065,5e-05,181,S,1,0.5,0.5,0.5,0.5,-,M,PW,3043359.86956,49405192.6877,0.0616,2014-11-25T15:21:19.126,37.1489127467,184.06097179,0.0315669924938,0.0315669924938,0.0292114754416,0.0292114754416,2456987.1398,-6.69024044712,134.13131811959948,-31.32061697992999,56730.10519542827,-3831113.5412018937,3949080.901026407,-3325802.116663085,-67.06089907149718,True,3.74,1988438.4405099568,5128458.4487042,-3328461.6801268887,16.90274636271668,13697.775218006163,13969.867486351084,8.529296548628807,-107.71254697203598,92890.7364370874
3674.54730569,779.71484787,0.00065,5e-05,181,E,1,0.5,0.5,0.5,0.5,-,M,PW,nan,nan,nan,2014-11-25T15:21:19.186,37.1629847396,183.647805886,0.0315055999449,0.0315055999449,0.0291641694754,0.0291641694754,2456987.13981,nan,134.137051256132,-31.316284735790205,56360.27834632999,-3831464.078735961,3948651.5712935035,-3325195.8821558743,-72.84413631342272,True,3.8,1987880.5215696935,5128606.876655209,-3327854.6256600386,16.683605193182544,13682.823389744992,13954.907520073404,8.435780495872962,-91.61713076197007,92252.48470315331
3682.79121482,779.463256189,0.00065,5e-05,182,S,1,0.5,0.5,0.5,0.5,-,M,PW,3069827.99037,49834869.9735,0.0616,2014-11-25T15:21:19.226,37.1709943338,183.364723963,0.0314400066901,0.0314400066901,0.0291095463792,0.0291095463792,2456987.13981,-6.69964227715,134.14086985641273,-31.31339875888102,56113.99219434798,-3831697.549249788,3948365.6151061323,-3324792.0885847737,-78.05408449292942,True,3.84,1987508.916290122,5128705.730916583,-3327450.2859254023,16.543608066872046,13672.477077358295,13944.555903532722,8.371949818725678,-75.03616346048783,91828.98253814185
3694.87604986,779.239687109,0.00065,5e-05,182,E,1,0.5,0.5,0.5,0.5,-,M,PW,nan,nan,nan,2014-11-25T15:21:19.286,37.1848412349,182.949876175,0.0313856495461,0.0313856495461,0.0290412179492,0.0290412179492,2456987.13981,nan,134.146592134768,-31.30907323646298,55744.97438430192,-3832047.3984445245,3947937.103871204,-3324186.9651617524,-80.27006664704523,True,3.9,1986952.039554851,5128853.860499944,-3326844.344079122,16.342611725735672,13656.369277767295,13928.44018965702,8.274146365262155,-68.1946688925042,91196.78665211437
3703.22582847,779.144467656,0.00065,5e-05,183,S,1,0.5,0.5,0.5,0.5,-,M,PW,2870702.71283,46602316.7668,0.0616,2014-11-25T15:21:19.326,37.1946318089,182.663222753,0.0313215247048,0.0313215247048,0.0289873017035,0.0289873017035,2456987.13981,-6.62682772238,134.15040311050842,-31.306191949673362,55499.24499428142,-3832280.385661267,3947651.72132154,-3323783.9412308354,-80.0959255934044,True,3.94,1986581.1545926838,5128952.50920684,-3326440.7750578127,16.214544116745532,13645.226028687606,13917.291802227832,8.207580578171328,-54.59797882137219,90777.39801093099
3715.15871009,779.09691426,0.00065,5e-05,183,E,1,0.5,0.5,0.5,0.5,-,M,PW,nan,nan,nan,2014-11-25T15:21:19.386,37.2090750373,182.253509561,0.0315065762333,0.0315065762333,0.0289501283927,0.0289501283927,2456987.13981,nan,134.1561133597056,-31.301873787434253,55131.089299529674,-3832629.4724367517,3947224.113493286,-3323180.0171911586,-77.18000247754802,True,4.0,1986025.3979285886,5129100.320150628,-3325836.034237249,16.031145482861852,13627.881284688885,13899.939433721865,8.105799927165604,-65.37773718208285,90151.49175068251
3723.72091803,779.072831928,0.00065,5e-05,184,S,0,0.5,0.5,0.5,0.5,-,M,PW,1824688.42668,78650363.2189,0.0232,2014-11-25T15:21:19.426,37.2181505687,181.959407319,0.0314557856979,0.0314557856979,0.0290315996396,0.0290315996396,2456987.13981,-7.195060785,134.15991613510297,-31.298997631221123,54885.95325863562,-3832861.941231435,3946939.347631103,-3322777.8237985037,-75.84089575189967,True,4.04,1985655.286973279,5129198.749326582,-3325433.296889693,15.914550642922173,13615.884520662588,13887.937709402671,8.03678417107174,-50.11752235033075,89736.37550187149
3727.63030864,779.156626756,0.00065,5e-05,184,E,0,0.5,0.5,0.5,0.5,-,M,PW,nan,nan,nan,2014-11-25T15:21:19.446,37.2246814648,181.825200723,0.0314071638249,0.0314071638249,0.0289822318884,0.0289822318884,2456987.13981,nan,134.16181623511568,-31.297560366738203,54763.47790665534,-3832978.094355041,3946797.0615176503,-3322576.8577753818,-71.09013195750306,True,4.06,1985470.3529746002,5129247.92958512,-3325232.0590739083,15.857924490207461,13609.752564220891,13881.803292118484,8.0019287022443,-59.501687213911175,89529.47365710793
3743.99376102,779.345865451,0.00065,5e-05,185,S,1,0.5,0.5,0.5,0.5,-,M,PW,2956759.93618,47999349.6133,0.0616,2014-11-25T15:21:19.526,37.2441977753,181.262969992,0.0315519962535,0.0315519962535,0.028928510898,0.028928510898,2456987.13981,-6.65889733542,134.16940775517065,-31.291816959899524,54274.21296901354,-3833442.146922449,3946228.5845176773,-3321773.896122397,-61.006003629889875,True,4.14,1984731.4543733078,5129444.414590562,-3324428.011465904,15.642225998100672,13584.305956523729,13856.347071449374,7.8605502253833,-73.16637732944754,88706.31869639321
3756.29816412,779.552214247,0.00065,5e-05,185,E,1,0.5,0.5,0.5,0.5,-,M,PW,nan,nan,nan,2014-11-25T15:21:19.586,37.2575908856,180.839984936,0.0317350528278,0.0317350528278,0.0288360776261,0.0288360776261,2456987.13981,nan,134.17509153623678,-31.287515618598167,53907.9558298631,-3833789.564481783,3945802.9662844758,-3321172.6611743527,-52.82608206139909,True,4.2,1984178.1938649067,5129591.521619908,-3323825.9634165354,15.491406338987712,13564.220833920468,13836.254975385842,7.75268138785565,-89.49747515206796,88093.7219010618
3764.88642652,779.693712968,0.00065,5e-05,186,S,0,0.5,0.5,0.5,0.5,-,M,PW,1880894.83014,81073053.0233,0.0232,2014-11-25T15:21:19.626,37.2652375996,180.544626882,0.0317350528278,0.0317350528278,0.0288360776261,0.0288360776261,2456987.13981,-7.22800027313,134.17887601767308,-31.284651172501626,53664.126651313316,-3834020.8809007197,3945519.5753017305,-3320772.329070553,-48.45289194015655,True,4.24,1983809.8074588994,5129689.465789303,-3323425.0898983,15.395828534512617,13550.334731595953,13822.364314082102,7.680127387214746,-87.74683043404544,87687.6461418956
3769.10946879,779.737025937,0.00065,5e-05,186,E,0,0.5,0.5,0.5,0.5,-,M,PW,nan,nan,nan,2014-11-25T15:21:19.646,37.2677229303,180.399354847,0.03161738871,0.03161738871,0.0291534705643,0.0291534705643,2456987.13981,nan,134.1807667712668,-31.283219916173966,53542.31737520742,-3834136.4456447824,3945377.991511413,-3320572.3148180377,-47.8202295152918,True,4.26,1983625.7543535568,5129738.398699599,-3323224.8051437624,15.349482949247486,13543.238840496799,13815.266193196467,7.643680283779878,-90.94838842278473,87485.31537439043
